Initializing...
GPU Device 0: "Xavier" with compute capability 7.2

M: 32 (16 x 2)
N: 32 (16 x 2)
K: 32 (16 x 2)
Preparing data for GPU...
Required shared memory size: 64 Kb
Computing... using high performance kernel compute_gemm 
Output Matrix D:
284.00 284.00 284.00 284.00 284.00 284.00 284.00 284.00 284.00 284.00 284.00 284.00 284.00 284.00 284.00 284.00 284.00 284.00 284.00 284.00 284.00 284.00 284.00 284.00 284.00 284.00 284.00 284.00 284.00 284.00 284.00 213.60 
284.00 284.00 284.00 284.00 284.00 284.00 284.00 284.00 284.00 284.00 284.00 284.00 284.00 284.00 284.00 284.00 284.00 284.00 284.00 284.00 284.00 284.00 284.00 284.00 284.00 284.00 284.00 284.00 284.00 284.00 284.00 213.60 
284.00 284.00 284.00 284.00 284.00 284.00 284.00 284.00 284.00 284.00 284.00 284.00 284.00 284.00 284.00 284.00 284.00 284.00 284.00 284.00 284.00 284.00 284.00 284.00 284.00 284.00 284.00 284.00 284.00 284.00 284.00 213.60 
284.00 284.00 284.00 284.00 284.00 284.00 284.00 284.00 284.00 284.00 284.00 284.00 284.00 284.00 284.00 284.00 284.00 284.00 284.00 284.00 284.00 284.00 284.00 284.00 284.00 284.00 284.00 284.00 284.00 284.00 284.00 213.60 
284.00 284.00 284.00 284.00 284.00 284.00 284.00 284.00 284.00 284.00 284.00 284.00 284.00 284.00 284.00 284.00 284.00 284.00 284.00 284.00 284.00 284.00 284.00 284.00 284.00 284.00 284.00 284.00 284.00 284.00 284.00 213.60 
284.00 284.00 284.00 284.00 284.00 284.00 284.00 284.00 284.00 284.00 284.00 284.00 284.00 284.00 284.00 284.00 284.00 284.00 284.00 284.00 284.00 284.00 284.00 284.00 284.00 284.00 284.00 284.00 284.00 284.00 284.00 213.60 
284.00 284.00 284.00 284.00 284.00 284.00 284.00 284.00 284.00 284.00 284.00 284.00 284.00 284.00 284.00 284.00 284.00 284.00 284.00 284.00 284.00 284.00 284.00 284.00 284.00 284.00 284.00 284.00 284.00 284.00 284.00 213.60 
143.20 143.20 143.20 143.20 143.20 143.20 143.20 143.20 143.20 143.20 143.20 143.20 143.20 143.20 143.20 143.20 143.20 143.20 143.20 143.20 143.20 143.20 143.20 143.20 143.20 143.20 143.20 143.20 143.20 143.20 143.20 143.20 
284.00 284.00 284.00 284.00 284.00 284.00 284.00 284.00 284.00 284.00 284.00 284.00 284.00 284.00 284.00 284.00 284.00 284.00 284.00 284.00 284.00 284.00 284.00 284.00 284.00 284.00 284.00 284.00 284.00 284.00 284.00 213.60 
284.00 284.00 284.00 284.00 284.00 284.00 284.00 284.00 284.00 284.00 284.00 284.00 284.00 284.00 284.00 284.00 284.00 284.00 284.00 284.00 284.00 284.00 284.00 284.00 284.00 284.00 284.00 284.00 284.00 284.00 284.00 213.60 
284.00 284.00 284.00 284.00 284.00 284.00 284.00 284.00 284.00 284.00 284.00 284.00 284.00 284.00 284.00 284.00 284.00 284.00 284.00 284.00 284.00 284.00 284.00 284.00 284.00 284.00 284.00 284.00 284.00 284.00 284.00 213.60 
284.00 284.00 284.00 284.00 284.00 284.00 284.00 284.00 284.00 284.00 284.00 284.00 284.00 284.00 284.00 284.00 284.00 284.00 284.00 284.00 284.00 284.00 284.00 284.00 284.00 284.00 284.00 284.00 284.00 284.00 284.00 213.60 
284.00 284.00 284.00 284.00 284.00 284.00 284.00 284.00 284.00 284.00 284.00 284.00 284.00 284.00 284.00 284.00 284.00 284.00 284.00 284.00 284.00 284.00 284.00 284.00 284.00 284.00 284.00 284.00 284.00 284.00 284.00 213.60 
284.00 284.00 284.00 284.00 284.00 284.00 284.00 284.00 284.00 284.00 284.00 284.00 284.00 284.00 284.00 284.00 284.00 284.00 284.00 284.00 284.00 284.00 284.00 284.00 284.00 284.00 284.00 284.00 284.00 284.00 284.00 213.60 
284.00 284.00 284.00 284.00 284.00 284.00 284.00 284.00 284.00 284.00 284.00 284.00 284.00 284.00 284.00 284.00 284.00 284.00 284.00 284.00 284.00 284.00 284.00 284.00 284.00 284.00 284.00 284.00 284.00 284.00 284.00 213.60 
284.00 284.00 284.00 284.00 284.00 284.00 284.00 284.00 284.00 284.00 284.00 284.00 284.00 284.00 284.00 284.00 284.00 284.00 284.00 284.00 284.00 284.00 284.00 284.00 284.00 284.00 284.00 284.00 284.00 284.00 284.00 213.60 
143.20 143.20 143.20 143.20 143.20 143.20 143.20 143.20 143.20 143.20 143.20 143.20 143.20 143.20 143.20 143.20 143.20 143.20 143.20 143.20 143.20 143.20 143.20 143.20 143.20 143.20 143.20 143.20 143.20 143.20 143.20 143.20 
143.20 143.20 143.20 143.20 143.20 143.20 143.20 143.20 143.20 143.20 143.20 143.20 143.20 143.20 143.20 143.20 143.20 143.20 143.20 143.20 143.20 143.20 143.20 143.20 143.20 143.20 143.20 143.20 143.20 143.20 143.20 72.80 
2.40 2.40 2.40 2.40 2.40 2.40 2.40 2.40 2.40 2.40 2.40 2.40 2.40 2.40 2.40 2.40 2.40 2.40 2.40 2.40 2.40 2.40 2.40 2.40 2.40 2.40 2.40 2.40 2.40 2.40 2.40 2.40 
284.00 284.00 284.00 284.00 284.00 284.00 284.00 284.00 284.00 284.00 284.00 284.00 284.00 284.00 284.00 284.00 284.00 284.00 284.00 284.00 284.00 284.00 284.00 284.00 284.00 284.00 284.00 284.00 284.00 284.00 284.00 213.60 
284.00 284.00 284.00 284.00 284.00 284.00 284.00 284.00 284.00 284.00 284.00 284.00 284.00 284.00 284.00 284.00 284.00 284.00 284.00 284.00 284.00 284.00 284.00 284.00 284.00 284.00 284.00 284.00 284.00 284.00 284.00 213.60 
284.00 284.00 284.00 284.00 284.00 284.00 284.00 284.00 284.00 284.00 284.00 284.00 284.00 284.00 284.00 284.00 284.00 284.00 284.00 284.00 284.00 284.00 284.00 284.00 284.00 284.00 284.00 284.00 284.00 284.00 284.00 213.60 
284.00 284.00 284.00 284.00 284.00 284.00 284.00 284.00 284.00 284.00 284.00 284.00 284.00 284.00 284.00 284.00 284.00 284.00 284.00 284.00 284.00 284.00 284.00 284.00 284.00 284.00 284.00 284.00 284.00 284.00 284.00 213.60 
143.20 143.20 143.20 143.20 143.20 143.20 143.20 143.20 143.20 143.20 143.20 143.20 143.20 143.20 143.20 143.20 143.20 143.20 143.20 143.20 143.20 143.20 143.20 143.20 143.20 143.20 143.20 143.20 143.20 143.20 143.20 143.20 
284.00 284.00 284.00 284.00 284.00 284.00 284.00 284.00 284.00 284.00 284.00 284.00 284.00 284.00 284.00 284.00 284.00 284.00 284.00 284.00 284.00 284.00 284.00 284.00 284.00 284.00 284.00 284.00 284.00 284.00 284.00 213.60 
284.00 284.00 284.00 284.00 284.00 284.00 284.00 284.00 284.00 284.00 284.00 284.00 284.00 284.00 284.00 284.00 284.00 284.00 284.00 284.00 284.00 284.00 284.00 284.00 284.00 284.00 284.00 284.00 284.00 284.00 284.00 213.60 
284.00 284.00 284.00 284.00 284.00 284.00 284.00 284.00 284.00 284.00 284.00 284.00 284.00 284.00 284.00 284.00 284.00 284.00 284.00 284.00 284.00 284.00 284.00 284.00 284.00 284.00 284.00 284.00 284.00 284.00 284.00 213.60 
284.00 284.00 284.00 284.00 284.00 284.00 284.00 284.00 284.00 284.00 284.00 284.00 284.00 284.00 284.00 284.00 284.00 284.00 284.00 284.00 284.00 284.00 284.00 284.00 284.00 284.00 284.00 284.00 284.00 284.00 284.00 213.60 
284.00 284.00 284.00 284.00 284.00 284.00 284.00 284.00 284.00 284.00 284.00 284.00 284.00 284.00 284.00 284.00 284.00 284.00 284.00 284.00 284.00 284.00 284.00 284.00 284.00 284.00 284.00 284.00 284.00 284.00 284.00 213.60 
284.00 284.00 284.00 284.00 284.00 284.00 284.00 284.00 284.00 284.00 284.00 284.00 284.00 284.00 284.00 284.00 284.00 284.00 284.00 284.00 284.00 284.00 284.00 284.00 284.00 284.00 284.00 284.00 284.00 284.00 284.00 213.60 
284.00 284.00 284.00 284.00 284.00 284.00 284.00 284.00 284.00 284.00 284.00 284.00 284.00 284.00 284.00 284.00 284.00 284.00 284.00 284.00 284.00 284.00 284.00 284.00 284.00 284.00 284.00 284.00 284.00 284.00 284.00 213.60 
284.00 284.00 284.00 284.00 284.00 284.00 284.00 284.00 284.00 284.00 284.00 284.00 284.00 284.00 284.00 284.00 284.00 284.00 284.00 284.00 284.00 284.00 284.00 284.00 284.00 284.00 284.00 284.00 284.00 284.00 284.00 213.60 
